907
312 214
138 67
57 64
12 66
887 393
56 326
539 387
26 12
112 300
81 692
231 482
102 108
349 756
138 210
391 403
769 25
314 321
611 856
211 88
624 441
763 905
361 134
236 264
53 133
497 780
707 55
202 169
200 487
14 275
139 521
467 31
1 4
405 33
226 880
855 169
289 115
59 74
621 643
732 719
20 23
62 703
446 137
74 310
674 251
814 625
882 121
69 216
376 204
663 521
415 138
444 380
503 219
11 178
207 424
679 800
179 197
24 544
897 507
11 9
702 365
48 156
239 194
133 241
174 62
4 7
357 391
55 171
82 733
227 219
444 734
641 859
425 748
333 563
388 894
315 330
616 844
229 342
401 670
266 172
678 96
17 175
358 742
400 790
765 310
641 875
570 809
185 55
675 609
466 201
823 571
522 736
228 128
906 791
124 42
797 428
75 155
874 612
582 404
722 327
550 858
281 638
40 233
387 295
1 13
434 317
163 5
314 483
242 400
458 109
76 257
595 792
96 542
442 893
263 163
477 745
290 764
681 867
134 469
51 129
52 15
349 38
50 448
72 572
38 12
274 112
267 401
28 766
804 100
3 100
135 269
70 284
654 251
492 640
146 51
686 122
194 230
787 76
249 290
78 206
93 721
594 23
3 212
147 19
862 831
130 64
212 601
483 569
37 23
719 651
618 852
319 381
90 59
56 265
60 53
162 760
444 716
55 106
624 757
610 491
462 310
460 904
21 45
834 367
442 408
89 93
194 126
718 346
854 534
14 158
669 531
161 40
102 4
305 422
294 192
456 285
50 177
268 768
214 101
218 798
228 541
499 331
878 366
396 527
486 133
382 44
888 353
59 118
136 595
337 159
43 454
276 125
308 23
111 139
28 13
137 574
281 447
12 11
185 339
601 649
298 296
245 220
225 845
501 323
243 281
40 48
375 592
776 67
52 104
355 3
493 818
652 328
152 187
708 477
472 625
56 114
283 372
773 98
121 34
83 63
580 658
737 136
288 221
895 894
176 267
767 551
284 402
459 524
291 210
188 408
78 807
189 225
325 5
390 94
488 227
8 465
12 497
135 646
109 189
438 104
15 40
786 264
516 479
108 198
109 885
53 55
59 248
29 70
473 448
361 506
794 449
789 866
51 478
5 279
258 460
750 594
54 13
207 459
119 369
280 4
205 311
361 729
348 252
584 452
231 661
474 16
318 34
439 600
505 205
772 247
282 222
174 237
133 696
431 425
188 644
358 479
8 95
44 69
492 568
192 464
645 813
167 577
278 160
409 417
202 353
148 350
196 80
364 8
830 756
246 698
136 63
836 587
94 695
655 632
514 211
307 267
70 151
201 127
385 500
27 10
420 132
375 561
359 504
13 89
225 231
488 589
344 133
490 585
57 78
4 6
868 681
599 318
92 39
688 629
107 367
111 126
603 340
68 851
77 79
671 273
258 570
519 512
135 95
303 94
864 298
145 315
112 782
354 55
278 412
184 75
80 666
120 195
680 95
365 93
224 250
859 879
614 364
200 411
580 24
527 837
546 92
93 150
369 723
67 110
191 19
169 832
865 193
549 191
16 507
423 71
153 107
611 563
484 200
143 168
111 119
9 59
623 147
45 254
22 94
19 16
317 241
796 137
691 789
186 136
759 97
253 23
193 240
405 842
635 452
5 455
421 192
313 9
449 717
81 41
747 572
489 376
29 10
544 609
32 44
707 828
374 538
217 305
665 414
377 35
332 146
62 360
581 570
413 159
486 510
703 847
657 433
696 711
763 278
430 626
81 142
171 662
825 106
10 3
742 816
91 33
5 295
236 436
304 15
131 75
744 542
13 103
463 713
149 92
122 63
247 738
588 72
85 71
187 418
730 726
538 700
354 461
224 103
82 79
475 456
903 260
209 31
492 725
481 467
259 89
266 536
470 56
731 130
397 327
468 209
11 236
113 608
648 219
58 341
462 743
849 845
371 607
176 618
622 236
746 122
163 316
153 451
575 579
533 694
16 164
159 613
527 562
333 60
71 472
4 25
534 35
272 21
710 343
153 302
60 452
10 203
630 497
103 591
97 120
58 709
16 10
415 532
812 209
113 71
870 691
234 5
95 414
143 42
153 433
46 199
503 735
480 351
139 260
323 426
706 85
788 167
218 331
69 890
19 293
221 147
535 453
53 97
115 43
884 37
114 286
46 615
641 741
899 83
598 727
249 186
356 587
705 569
23 50
543 504
139 180
558 547
261 74
324 200
649 817
896 536
35 105
89 193
345 128
374 873
13 14
455 471
86 314
165 98
242 193
220 605
277 653
67 668
335 876
7 24
241 319
77 190
399 60
593 24
389 328
125 309
494 19
41 4
255 203
699 407
850 728
550 133
339 547
632 224
88 208
686 802
6 22
140 22
137 371
531 528
622 691
380 8
684 447
599 659
338 227
377 406
650 14
425 39
493 235
443 430
167 770
111 386
758 435
157 351
637 346
575 124
768 784
154 220
863 268
424 518
274 320
711 739
2 5
165 612
4 8
99 590
349 627
2 3
598 367
712 296
73 67
162 749
443 714
72 61
72 829
720 462
578 163
774 299
715 603
592 676
104 112
285 165
226 43
602 232
532 583
528 231
148 45
392 76
598 604
22 173
515 233
87 37
152 12
176 243
256 26
297 41
49 2
463 752
902 832
42 664
573 395
779 632
148 229
71 877
128 396
62 41
64 222
517 163
205 91
187 244
412 641
472 681
871 815
571 431
90 358
352 259
220 512
683 34
59 508
63 12
558 810
45 57
271 296
195 820
826 314
567 360
525 279
61 492
835 780
58 68
129 170
2 576
277 373
441 149
143 145
450 358
359 145
383 231
29 277
114 656
546 833
160 20
853 39
366 883
886 833
299 193
478 564
761 219
35 31
25 42
815 412
554 827
27 88
371 416
48 394
2 1
125 62
143 385
551 373
128 35
508 775
86 30
679 65
39 18
84 27
363 168
258 16
907 10
212 437
69 439
593 616
157 188
819 312
51 40
306 63
73 430
523 406
67 12
180 548
566 428
292 143
357 38
366 149
101 21
465 811
169 1
824 682
4 20
199 328
251 166
693 209
821 309
29 207
419 289
388 40
900 385
629 391
689 273
560 243
71 18
335 203
8 634
565 250
172 19
111 144
557 349
347 72
799 359
530 114
18 1
111 108
400 597
595 673
777 212
78 559
363 511
438 898
334 263
58 36
9 6
159 152
98 660
385 808
881 792
846 653
841 259
65 5
751 240
3 17
335 370
141 181
107 41
296 726
88 192
639 378
509 433
840 463
555 310
33 56
459 619
368 149
237 522
633 485
384 4
237 682
27 162
199 215
166 111
109 72
315 432
252 182
439 805
502 386
182 103
297 529
113 176
375 210
507 642
243 513
31 6
193 445
287 48
452 621
231 533
206 247
107 628
724 692
596 1
217 79
848 1
376 526
167 179
496 22
134 2
476 200
393 73
514 651
196 892
262 216
795 710
187 754
6 697
271 160
37 53
154 112
22 631
465 801
463 281
677 195
477 453
822 343
197 283
320 728
791 783
68 157
228 322
645 426
839 278
21 540
25 34
560 861
36 61
750 869
889 273
570 857
475 495
404 74
687 771
270 171
398 73
74 537
406 701
80 48
106 137
13 246
46 1
48 323
296 427
